
 NPM(K)    PM(M)      WS(M)     CPU(s)      Id  SI ProcessName
 ------    -----      -----     ------      --  -- -----------
      0     0.00       0.00       0.00       0 …72 
      0     0.00       0.00       0.00       1   1 
      0     0.00       0.00       0.00     117 117 
      0     0.00       0.00       0.00     118 118 
      0     0.00       0.00       0.00     119 119 
      0     0.00       0.00       0.00     122 122 
      0     0.00       0.00       0.00     123 123 
      0     0.00       0.00       0.00     124 124 
      0     0.00       0.00       0.00     127 127 
      0     0.00       0.00       0.00     129 129 
      0     0.00       0.00       0.00     130 130 
      0     0.00       0.00       0.00     131 131 
      0     0.00       0.00       0.00     132 132 
      0     0.00       0.00       0.00     134 134 
      0     0.00       0.00       0.00     136 136 
      0     0.00       0.00       0.00     138 138 
      0     0.00       0.00       0.00     139 139 
      0     0.00       0.00       0.00     141 141 
      0     0.00       0.00       0.00     145 145 
      0     0.00       0.00       0.00     146 146 
      0     0.00       0.00       0.00     147 147 
      0     0.00       0.00       0.00     148 148 
      0     0.00       0.00       0.00     151 151 
      0     0.00       0.00       0.00     152 152 
      0     0.00       0.00       0.00     155 155 
      0     0.00       0.00       0.00     156 156 
      0     0.00       0.00       0.00     157 157 
      0     0.00       0.00       0.00     158 158 
      0     0.00       0.00       0.00     159 159 
      0     0.00       0.00       0.00     160 160 
      0     0.00       0.00       0.00     161 161 
      0     0.00       0.00       0.00     162 162 
      0     0.00       0.00       0.00     163 163 
      0     0.00       0.00       0.00     165 165 
      0     0.00       0.00       0.00     167 167 
      0     0.00       0.00       0.00     168 168 
      0     0.00       0.00       0.00     169 169 
      0     0.00       0.00       0.00     170 170 
      0     0.00       0.00       0.00     172 172 
      0     0.00       0.00       0.00     173 173 
      0     0.00       0.00       0.00     176 176 
      0     0.00       0.00       0.00     177 177 
      0     0.00       0.00       0.00     178 178 
      0     0.00       0.00       0.00     179 179 
      0     0.00       0.00       0.00     182 182 
      0     0.00       0.00       0.00     183 183 
      0     0.00       0.00       0.00     184 184 
      0     0.00       0.00       0.00     185 185 
      0     0.00       0.00       0.00     186 186 
      0     0.00       0.00       0.00     188 188 
      0     0.00       0.00       0.00     189 189 
      0     0.00       0.00       0.00     190 190 
      0     0.00       0.00       0.00     191 191 
      0     0.00       0.00       0.00     193 193 
      0     0.00       0.00       0.00     195 195 
      0     0.00       0.00       0.00     205 205 
      0     0.00       0.00       0.00     207 207 
      0     0.00       0.00       0.00     209 209 
      0     0.00       0.00       0.00     210 210 
      0     0.00       0.00       0.00     217 217 
      0     0.00       0.00       0.00     221 221 
      0     0.00       0.00       0.00     223 223 
      0     0.00       0.00       0.00     225 225 
      0     0.00       0.00       0.00     226 226 
      0     0.00       0.00       0.00     227 227 
      0     0.00       0.00       0.00     228 228 
      0     0.00       0.00       0.00     229 229 
      0     0.00       0.00       0.00     230 230 
      0     0.00       0.00       0.00     231 231 
      0     0.00       0.00       0.00     232 232 
      0     0.00       0.00       0.00     233 233 
      0     0.00       0.00       0.00     234 234 
      0     0.00       0.00       0.00     247 247 
      0     0.00       0.00       0.00     252 252 
      0     0.00       0.00       0.00     254 254 
      0     0.00       0.00       0.00     269 269 
      0     0.00       0.00       0.00     270   1 
      0     0.00       0.00       0.00     280   1 
      0     0.00       0.00       0.00     281 281 
      0     0.00       0.00       0.00     287 287 
      0     0.00       0.00       0.00     304   1 
      0     0.00       0.00       0.00     309 309 
      0     0.00       0.00       0.00     312 312 
      0     0.00       0.00       0.00     314 314 
      0     0.00       0.00       0.00     317 317 
      0     0.00       0.00       0.00     318   1 
      0     0.00       0.00       0.00     319 319 
      0     0.00       0.00       0.00     320 320 
      0     0.00       0.00       0.00     321   1 
      0     0.00       0.00       0.00     322   1 
      0     0.00       0.00       0.00     323   1 
      0     0.00       0.00       0.00     324   1 
      0     0.00       0.00       0.00     325   1 
      0     0.00       0.00       0.00     328 328 
      0     0.00       0.00       0.00     331 331 
      0     0.00       0.00       0.00     332   1 
      0     0.00       0.00       0.00     344   1 
      0     0.00       0.00       0.00     347 347 
      0     0.00       0.00       0.00     357 357 
      0     0.00       0.00       0.00     358 358 
      0     0.00       0.00       0.00     359 359 
      0     0.00       0.00       0.00     360 360 
      0     0.00       0.00       0.00     364 364 
      0     0.00       0.00       0.00     366 366 
      0     0.00       0.00       0.00     368 368 
      0     0.00       0.00       0.00     370 370 
      0     0.00       0.00       0.00     371   1 
      0     0.00       0.00       0.00     382 382 
      0     0.00       0.00       0.00     391 391 
      0     0.00       0.00       0.00     396 396 
      0     0.00       0.00       0.00     397 397 
      0     0.00       0.00       0.00     399 399 
      0     0.00       0.00       0.00     400 400 
      0     0.00       0.00       0.00     402 402 
      0     0.00       0.00       0.00     407 407 
      0     0.00       0.00       0.00     408 408 
      0     0.00       0.00       0.00     409 409 
      0     0.00       0.00       0.00     411 411 
      0     0.00       0.00       0.00     412 412 
      0     0.00       0.00       0.00     413 413 
      0     0.00       0.00       0.00     419 419 
      0     0.00       0.00       0.00     421 421 
      0     0.00       0.00       0.00     423 423 
      0     0.00       0.00       0.00     424   1 
      0     0.00       0.00       0.00     427 427 
      0     0.00       0.00       0.00     429 429 
      0     0.00       0.00       0.00     438 438 
      0     0.00       0.00       0.00     439 439 
      0     0.00       0.00       0.00     440 440 
      0     0.00       0.00       0.00     446 446 
      0     0.00       0.00       0.00     448 448 
      0     0.00       0.00       0.00     449 449 
      0     0.00       0.00       0.00     453 453 
      0     0.00       0.00       0.00     454 454 
      0     0.00       0.00       0.00     457 457 
      0     0.00       0.00       0.00     459 459 
      0     0.00       0.00       0.00     465 465 
      0     0.00       0.00       0.00     466 127 
      0     0.00       0.00       0.00     468   1 
      0     0.00       0.00       0.00     469 469 
      0     0.00       0.00       0.00     470 470 
      0     0.00       0.00       0.00     471 471 
      0     0.00       0.00       0.00     475 475 
      0     0.00       0.00       0.00     478 478 
      0     0.00       0.00       0.00     479 479 
      0     0.00       0.00       0.00     481 481 
      0     0.00       0.00       0.00     482 482 
      0     0.00       0.00       0.00     483   1 
      0     0.00       0.00       0.00     485   1 
      0     0.00       0.00       0.00     488 488 
      0     0.00       0.00       0.00     490 490 
      0     0.00       0.00       0.00     515 158 
      0     0.00       0.00       0.00     539 539 
      0     0.00       0.00       0.00     547   1 
      0     0.00       0.00       0.00     557 557 
      0     0.00       0.00       0.00     562 562 
      0     0.00       0.00       0.00     563 563 
      0     0.00       0.00       0.00     564 564 
      0     0.00       0.00       0.00     575 575 
      0     0.00       0.00       0.00     579 579 
      0     0.00       0.00       0.00     593   1 
      0     0.00       0.00       0.00     605 605 
      0     0.00       0.00       0.00     608 608 
      0     0.00       0.00       0.00     613 613 
      0     0.00       0.00       0.00     616 616 
      0     0.00       0.00       0.00     639   1 
      0     0.00       0.00       0.00     641 641 
      0     0.00       0.00       0.00     676 676 
      0     0.00       0.00       0.00     694 694 
      0     0.00       0.00       0.00     706 706 
      0     0.00       0.00       0.00     734 734 
      0     0.00       0.00       0.00     740 740 
      0     0.00       0.00       0.00     770 770 
      0     0.00       0.00       0.00     771 771 
      0     0.00       0.00       0.00     773 773 
      0     0.00       0.00       0.00     774 774 
      0     0.00       0.00       0.00     776 776 
      0     0.00       0.00       0.00     794 794 
      0     0.00       0.00       0.00     837 837 
      0     0.00       0.00       0.00     840 840 
      0     0.00       0.00       0.00     952 952 
      0     0.00       0.00       0.00    2004   1 
      0     0.00       0.00       0.00    2349 …49 
      0     0.00       0.00       0.00    2573 …73 
      0     0.00       0.00       0.00    2880 …80 
      0     0.00       0.00       0.00    3327 …27 
      0     0.00       0.00       0.00    3537 …37 
      0     0.00       0.00       0.00    4176   1 
      0     0.00       0.00       0.00    4178   1 
      0     0.00       0.00       0.00    4203   1 
      0     0.00       0.00       0.00    4225   1 
      0     0.00       0.00       0.00    5219 …19 
      0     0.00       0.00       0.00    5464 …64 
      0     0.00       0.00       0.00    5465 …65 
      0     0.00       0.00       0.00    6771 …71 
      0     0.00       0.00       0.00    9204 …04 
      0     0.00       0.00       0.00    9373   1 
      0     0.00       0.00       0.00   12472 …72 
      0     0.00       0.00       0.00   21709 …09 
      0     0.00       0.00       0.00   21732 …32 
      0     0.00       0.00       0.00   21733 …33 
      0     0.00       0.00       0.00   25245 …45 
      0     0.00       0.00       0.00   25381 …81 
      0     0.00       0.00       0.00   25382 …82 
      0     0.00       0.00       0.00   25778 …78 
      0     0.00       0.00       0.00   36320   1 
      0     0.00       0.00       0.00   45185 …85 
      0     0.00       0.00       0.00   45732 …32 
      0     0.00       0.00       0.00   47872 …72 
      0     0.00       0.00       0.00   50683 …83 
      0     0.00       0.00       0.00   50717 …17 
      0     0.00       0.00       0.00   50718 …18 
      0     0.00       0.00       0.00   51668 …68 
      0     0.00       0.00       0.00   53749 …49 
      0     0.00       0.00       0.00   56582 …82 
      0     0.00       0.00       0.00   58939   1 
      0     0.00       0.00       0.00   67533 …33 
      0     0.00       0.00       0.00   80460 …60 
      0     0.00      36.47     176.88     595   1 accountsd
      0     0.00       6.11       0.32   50837 …37 AccountSubscrib
      0     0.00       2.05   1,405.04   68419 …19 adb
      0     0.00       9.82       4.18    3460   1 adprivacyd
      0     0.00       6.71       1.58    2337   1 AirPlayUIAgent
      0     0.00       8.72       7.70     651   1 akd
      0     0.00       5.33       8.23     742   1 AMPDeviceDiscov
      0     0.00      15.43       6.59    6328   1 AMPLibraryAgent
      0     0.00      12.97       9.01     755   1 amsaccountsd
      0     0.00      13.64      21.98     757   1 amsengagementd
      0     0.00       7.78       1.61   50831   1 appleaccountd
      0     0.00     120.28     344.45   26926   1 AppleSpell
      0     0.00       8.33       3.12     627   1 AppSSOAgent
      0     0.00      18.48      40.40     775   1 appstoreagent
      0     0.00       7.90       2.68    3987   1 AquaAppearanceH
      0     0.00       3.89       0.08   50219 …19 ArchiveService
      0     0.00       8.54       5.49    2334   1 askpermissiond
      0     0.00       5.36       2.53     698   1 AssetCacheLocat
      0     0.00      27.60      85.58     702   1 assistantd
      0     0.00      23.03      73.64    3462   1 assistant_servi
      0     0.00       3.79       3.45     653   1 AudioComponentR
      0     0.00      10.12       0.63    1719   1 avatarsd
      0     0.00       9.34       6.73     701   1 avconferenced
      0     0.00       7.67      13.21    1672   1 axassetsd
      0     0.00       4.35       1.05   50603   1 backgroundasset
      0     0.00       9.26       1.99     587   1 BackgroundTaskM
      0     0.00       0.18       0.05    2328   1 bash
      0     0.00       0.18       0.01    2976   1 bash
      0     0.00       0.18       0.01    3007   1 bash
      0     0.00       0.18       0.01    3008   1 bash
      0     0.00       0.93      76.20    3009   1 bash
      0     0.00       3.09       0.13     686   1 betaenrollmentd
      0     0.00       8.39      11.91     606   1 BiomeAgent
      0     0.00       7.00     215.49     789   1 biomesyncd
      0     0.00      12.60      24.66     623   1 bird
      0     0.00       4.63       0.28    2341   1 bluetoothuserd
      0     0.00       4.58       0.41     823   1 BTLEServerAgent
      0     0.00      22.34     250.70     626   1 calaccessd
      0     0.00      14.77     150.78    3322 …22 CalendarWidgetE
      0     0.00       5.36       0.09   81628 …28 CalendarWidgetE
      0     0.00       9.46       6.79     754   1 CallHistoryPlug
      0     0.00      15.97       8.31    9806   1 CallHistorySync
      0     0.00      20.17      60.53     638   1 callservicesd
      0     0.00      11.56      12.08   59087   1 caphost
      0     0.00       3.30       0.20     746 746 CategoriesServi
      0     0.00       5.17       0.40   18440 …40 CategoriesServi
      0     0.00       5.30       1.45   98725 …25 CategoriesServi
      0     0.00       5.53       1.05     658   1 cdpd
      0     0.00       4.66     153.29     577   1 cfprefsd
      0     0.00       2.46       0.30     791 790 chrome_crashpad
      0     0.00       2.15       0.14     802 801 chrome_crashpad
      0     0.00       3.11       0.10   42702 …01 chrome_crashpad
      0     0.00      28.25     403.18     599   1 cloudd
      0     0.00       4.59       0.85     668   1 CloudKeychainPr
      0     0.00      11.76       9.59    2340   1 cloudpaird
      0     0.00       8.12       9.55    1714   1 cloudphotod
      0     0.00       5.35       4.86     690   1 CMFSyncAgent
      0     0.00      19.19       4.85   42705   1 Code Helper
      0     0.00      27.37      13.87   43036   1 Code Helper
      0     0.00      84.73     225.43   43037   1 Code Helper
      0     0.00      25.38       1.84   43038   1 Code Helper
      0     0.00      29.39       2.57   43042   1 Code Helper
      0     0.00      28.03       2.28   43043   1 Code Helper
      0     0.00      27.93       2.17   43044   1 Code Helper
      0     0.00      25.39       1.71   46576   1 Code Helper
      0     0.00      28.81       2.47   51016   1 Code Helper
      0     0.00      47.75     298.29   42704   1 Code Helper (GP
      0     0.00     186.18      83.34   43033   1 Code Helper (Pl
      0     0.00      55.49      25.64   43035   1 Code Helper (Pl
      0     0.00      67.67      42.21   43040   1 Code Helper (Pl
      0     0.00      63.11      73.23   43041   1 Code Helper (Pl
      0     0.00      24.76       1.57   43293   1 Code Helper (Pl
      0     0.00      42.75      12.46   43330   1 Code Helper (Pl
      0     0.00      24.74       1.62   43360   1 Code Helper (Pl
      0     0.00      24.84       1.89   43394   1 Code Helper (Pl
      0     0.00      92.59     132.35   43755   1 Code Helper (Pl
      0     0.00      23.40       1.22   43801   1 Code Helper (Pl
      0     0.00      24.84       1.97   43909   1 Code Helper (Pl
      0     0.00      25.52       4.06   43936   1 Code Helper (Pl
      0     0.00      25.44       2.60   43962   1 Code Helper (Pl
      0     0.00      22.28       0.95   44017   1 Code Helper (Pl
      0     0.00      23.11       1.06   44023   1 Code Helper (Pl
      0     0.00      22.26       0.99   44029   1 Code Helper (Pl
      0     0.00      23.12       1.12   44065   1 Code Helper (Pl
      0     0.00      22.29       0.99   44102   1 Code Helper (Pl
      0     0.00      23.07       1.06   44203   1 Code Helper (Pl
      0     0.00      25.45      34.00   44281   1 Code Helper (Pl
      0     0.00      37.73      13.80   46577   1 Code Helper (Pl
      0     0.00      24.77       1.56   46671   1 Code Helper (Pl
      0     0.00      23.41       1.30   46695   1 Code Helper (Pl
      0     0.00      23.18       0.98   46699   1 Code Helper (Pl
      0     0.00      23.34       1.09   46706   1 Code Helper (Pl
      0     0.00      23.46       1.61   46708   1 Code Helper (Pl
      0     0.00      66.41      45.03   51017   1 Code Helper (Pl
      0     0.00      24.73       1.51   51107   1 Code Helper (Pl
      0     0.00      22.31       0.83   51155   1 Code Helper (Pl
      0     0.00      23.12       0.95   51161   1 Code Helper (Pl
      0     0.00      24.22       3.37   51284   1 Code Helper (Pl
      0     0.00     152.09     135.53   42707   1 Code Helper (Re
      0     0.00     157.71     148.38   42709   1 Code Helper (Re
      0     0.00     182.14     199.06   42710   1 Code Helper (Re
      0     0.00     191.70     117.86   42711   1 Code Helper (Re
      0     0.00     106.33     198.42   46571   1 Code Helper (Re
      0     0.00      48.64       9.32   47269   1 Code Helper (Re
      0     0.00     226.86     259.11   51011   1 Code Helper (Re
      0     0.00       1.41       0.11     824   1 com.apple.acces
      0     0.00      22.82      11.61    2020 …20 com.apple.appki
      0     0.00      22.75      11.45    2462 …62 com.apple.appki
      0     0.00      33.61     126.84   17458 …58 com.apple.appki
      0     0.00      36.63      27.59   18431 …31 com.apple.appki
      0     0.00      61.70     345.20   22822 …22 com.apple.appki
      0     0.00       2.41       0.06   35930 …30 com.apple.audio
      0     0.00       2.41       0.06   35931 …31 com.apple.audio
      0     0.00       2.38       0.05   51295 …95 com.apple.audio
      0     0.00       2.41       0.05   56575 …75 com.apple.audio
      0     0.00       2.38       0.04   93823 …23 com.apple.audio
      0     0.00       2.38       0.06   93837 …37 com.apple.audio
      0     0.00       6.16       0.25    5614   1 com.apple.BKAge
      0     0.00       8.71       8.82    1075   1 com.apple.Cloud
      0     0.00       1.37       0.03   14033 …33 com.apple.Color
      0     0.00       5.25       0.06   35927 …27 com.apple.DFRSy
      0     0.00       1.48       0.03   98773   1 com.apple.Dicti
      0     0.00      20.89      11.42     749 749 com.apple.dock.
      0     0.00       5.05       0.52     695 695 com.apple.FaceT
      0     0.00      12.48      30.33     662   1 com.apple.geod
      0     0.00       4.48      18.37     628   1 com.apple.hiser
      0     0.00       8.31       0.09   70624   1 com.apple.iClou
      0     0.00      12.01      21.90     748   1 com.apple.quick
      0     0.00       7.20       1.43     793   1 com.apple.Safar
      0     0.00      15.70       2.02    1730 …30 com.apple.Safar
      0     0.00      35.88     107.89    1774   1 com.apple.Safar
      0     0.00      12.27       0.07   25921 …21 com.apple.Safar
      0     0.00       8.00       3.61     584   1 com.apple.sbd
      0     0.00       4.01       0.17    3373   1 com.apple.siri-
      0     0.00       6.37       5.87     708 708 com.apple.siri.
      0     0.00       7.49       2.36     870 870 com.apple.siri.
      0     0.00       1.56       0.03   51294   1 com.apple.tonel
      0     0.00      13.77     292.07     826 826 com.apple.WebKi
      0     0.00     279.64   8,538.33     907 907 com.apple.WebKi
      0     0.00      18.84       1.59    1743 …43 com.apple.WebKi
      0     0.00      61.65     285.22    2024 …24 com.apple.WebKi
      0     0.00      13.15   2,996.37    2048 …48 com.apple.WebKi
      0     0.00      17.73       0.37    4933 …33 com.apple.WebKi
      0     0.00       6.70       1.67   59099 …99 com.apple.WebKi
      0     0.00      43.27      76.14   59100 …00 com.apple.WebKi
      0     0.00      46.85     167.86   59101 …01 com.apple.WebKi
      0     0.00      10.95      10.25   59102 …02 com.apple.WebKi
      0     0.00      10.66       5.02   59103 …03 com.apple.WebKi
      0     0.00      14.00      11.91     610   1 CommCenter
      0     0.00      12.61       5.19     766   1 commerce
      0     0.00      36.72  42,698.14     647   1 contactsd
      0     0.00      14.48     238.42   35454   1 contactsdonatio
      0     0.00       6.15     481.10     590   1 containermanage
      0     0.00       5.70       2.13     707 707 ContainerMetada
      0     0.00       4.45       4.42     843   1 contentlinkingd
      0     0.00       5.40       1.98     677   1 ContextService
      0     0.00      16.29      64.41     597   1 ContextStoreAge
      0     0.00      13.37      86.97     583   1 ContinuityCaptu
      0     0.00      38.16     103.80     596   1 ControlCenter
      0     0.00      13.21      56.23     618   1 ControlStrip
      0     0.00      13.69       4.28    3639   1 coreautha
      0     0.00       5.62       1.54     648   1 coreauthd
      0     0.00       9.16       2.36     622   1 CoreLocationAge
      0     0.00      16.78       6.37     664   1 CoreServicesUIA
      0     0.00      12.01      19.50     863   1 corespeechd
      0     0.00      30.29      93.04     696   1 corespotlightd
      0     0.00      13.84       2.77    3465   1 CoreSpotlightSe
      0     0.00      26.45   1,074.42   47621   1 CptHost
      0     0.00       1.78       0.23    2760 …59 crashpad_handle
      0     0.00       2.09       0.26    2870 …69 crashpad_handle
      0     0.00       1.78       0.20    3028 …27 crashpad_handle
      0     0.00       1.78       0.18   11355 …54 crashpad_handle
      0     0.00       1.23       0.08     594   1 csnameddatad
      0     0.00       2.25       0.23    2346   1 ctkahp
      0     0.00       3.45       0.74     642   1 ctkd
      0     0.00      20.06      55.11    5221   1 dataaccessd
      0     0.00      19.23     901.37     730   1 deleted
      0     0.00       1.97       0.12     683   1 devicecheckd
      0     0.00       5.56       0.50    2045   1 diagnosticexten
      0     0.00       9.66      28.96     681   1 diagnostics_age
      0     0.00       4.06     127.93     576   1 distnoted
      0     0.00       6.39       5.20     629   1 dmd
      0     0.00      18.32      56.29     726   1 Dock
      0     0.00      11.45       6.04    8742 …42 DockHelper
      0     0.00      31.23      64.32   14060 …60 DocumentPopover
      0     0.00      14.99       8.88     609   1 donotdisturbd
      0     0.00     126.27     237.12   42698   1 Electron
      0     0.00       9.61       8.00     644 644 EmojiFunctionRo
      0     0.00       8.76       0.51   12473   1 EscrowSecurityA
      0     0.00       3.92       1.78     672 672 extensionkitser
      0     0.00       9.52       5.31     649   1 familycircled
      0     0.00      14.41     238.83     632   1 fileproviderd
      0     0.00       7.90       3.56     751   1 financed
      0     0.00      69.45     499.81     729   1 Finder
      0     0.00      10.43       5.81   11376 …76 FinderSyncExten
      0     0.00       9.30       5.38   17514 …14 FinderSyncExten
      0     0.00       9.95       1.41   18435 …35 FinderSyncExten
      0     0.00       9.77       5.77   22824 …24 FinderSyncExten
      0     0.00       5.93       1.54    3073   1 findmydevice-us
      0     0.00      11.86       5.56     650   1 fmfd
      0     0.00       3.73       0.42     736   1 followupd
      0     0.00       6.28     130.02     659   1 fontd
      0     0.00       3.45       1.00     663   1 fontworker
      0     0.00       3.71       5.03     598   1 gamecontrollera
      0     0.00      19.25      49.25    5453   1 gamed
      0     0.00       5.84       3.14     769   1 geodMachService
      0     0.00     325.69  10,967.38     712   1 Google Chrome
      0     0.00     113.30   4,176.55     841   1 Google Chrome H
      0     0.00      69.71   1,361.97     842   1 Google Chrome H
      0     0.00      18.32      27.04     846   1 Google Chrome H
      0     0.00      22.18       1.83    1142   1 Google Chrome H
      0     0.00      29.79       9.83    1155   1 Google Chrome H
      0     0.00      42.97      65.00    1221   1 Google Chrome H
      0     0.00      32.38      89.47    1297   1 Google Chrome H
      0     0.00      22.28       1.77    1298   1 Google Chrome H
      0     0.00      31.91       9.68    1299   1 Google Chrome H
      0     0.00      28.52       2.47    1300   1 Google Chrome H
      0     0.00      53.98     311.91    1303   1 Google Chrome H
      0     0.00     187.23   1,001.17    3111   1 Google Chrome H
      0     0.00      16.05      23.13    3199   1 Google Chrome H
      0     0.00      61.81     143.35    6748   1 Google Chrome H
      0     0.00      95.52     110.15    6965   1 Google Chrome H
      0     0.00      49.49       6.68    6976   1 Google Chrome H
      0     0.00      49.23       6.44    6981   1 Google Chrome H
      0     0.00      50.16       6.62    6982   1 Google Chrome H
      0     0.00      53.19      10.42    6983   1 Google Chrome H
      0     0.00      49.59       6.73    6984   1 Google Chrome H
      0     0.00      50.79       7.83    6985   1 Google Chrome H
      0     0.00      56.31      13.88    6986   1 Google Chrome H
      0     0.00      63.78      27.08    6987   1 Google Chrome H
      0     0.00      54.51      11.82    6994   1 Google Chrome H
      0     0.00      27.86       1.31    7009   1 Google Chrome H
      0     0.00      49.20       6.19    7225   1 Google Chrome H
      0     0.00      44.86       8.32   10462   1 Google Chrome H
      0     0.00      68.71      28.23   10707   1 Google Chrome H
      0     0.00      84.70   2,152.03   13847   1 Google Chrome H
      0     0.00      58.48      18.07   13854   1 Google Chrome H
      0     0.00      66.88      13.03   17404   1 Google Chrome H
      0     0.00     119.11      22.79   17420   1 Google Chrome H
      0     0.00     100.00     343.51   19930   1 Google Chrome H
      0     0.00     149.82      33.58   21828   1 Google Chrome H
      0     0.00     130.86     113.36   21902   1 Google Chrome H
      0     0.00      70.13       9.93   22475   1 Google Chrome H
      0     0.00     123.80     212.67   27336   1 Google Chrome H
      0     0.00      97.14      25.57   30691   1 Google Chrome H
      0     0.00      52.55       3.04   30817   1 Google Chrome H
      0     0.00      50.43       2.44   30825   1 Google Chrome H
      0     0.00      37.87       0.56   30826   1 Google Chrome H
      0     0.00      58.42       5.82   30827   1 Google Chrome H
      0     0.00     113.85      27.35   33174   1 Google Chrome H
      0     0.00      87.82      20.10   33364   1 Google Chrome H
      0     0.00      72.75      14.64   33576   1 Google Chrome H
      0     0.00      92.67      45.69   35929   1 Google Chrome H
      0     0.00     105.06     110.86   38378   1 Google Chrome H
      0     0.00      64.39       0.00   40692   1 Google Chrome H
      0     0.00     184.16      70.22   40772   1 Google Chrome H
      0     0.00      78.45       0.00   40975   1 Google Chrome H
      0     0.00      66.61       5.47   49130   1 Google Chrome H
      0     0.00     300.77      75.17   50239   1 Google Chrome H
      0     0.00      85.54      22.12   50252   1 Google Chrome H
      0     0.00      75.36     122.14   51105   1 Google Chrome H
      0     0.00     136.25      18.60   54594   1 Google Chrome H
      0     0.00      46.56      39.94   57937   1 Google Chrome H
      0     0.00      35.56       1.89   57940   1 Google Chrome H
      0     0.00      35.85       1.54   66386   1 Google Chrome H
      0     0.00      26.66       5.73   66695   1 Google Chrome H
      0     0.00      85.35      12.04   69788   1 Google Chrome H
      0     0.00      89.53       4.94   70256   1 Google Chrome H
      0     0.00      56.93       1.21   70266   1 Google Chrome H
      0     0.00      59.51       0.00   71139   1 Google Chrome H
      0     0.00     127.35     262.68   71211   1 Google Chrome H
      0     0.00      17.81       7.52   71542   1 Google Chrome H
      0     0.00      78.75     413.48   74880   1 Google Chrome H
      0     0.00     136.38     595.26   74962   1 Google Chrome H
      0     0.00      53.64     124.92   83080   1 Google Chrome H
      0     0.00      95.14      57.00   83650   1 Google Chrome H
      0     0.00      82.02      30.36   83669   1 Google Chrome H
      0     0.00      63.78      14.26   83687   1 Google Chrome H
      0     0.00      62.71      21.78   83776   1 Google Chrome H
      0     0.00      52.28      12.57   84730   1 Google Chrome H
      0     0.00      34.95      23.78   85214   1 Google Chrome H
      0     0.00     259.94     129.92   91236   1 Google Chrome H
      0     0.00      74.20     780.63   95667   1 Google Chrome H
      0     0.00      88.18      74.50   96669   1 Google Chrome H
      0     0.00      92.34     148.27   97422   1 Google Chrome H
      0     0.00      64.61      20.71   97596   1 Google Chrome H
      0     0.00       9.68       4.61    2357   1 Google Drive
      0     0.00      32.98      57.06   11356   1 Google Drive
      0     0.00      14.59       3.26   11360   1 Google Drive He
      0     0.00      10.61       0.55   11365   1 Google Drive He
      0     0.00      11.61       1.04   11366   1 Google Drive He
      0     0.00      13.21       2.33   11367   1 Google Drive He
      0     0.00      13.47       3.07   11368   1 Google Drive He
      0     0.00      11.66       0.61   38405   1 Google Drive He
      0     0.00       9.05       0.46    4130 …30 GroupSessionSer
      0     0.00      15.31      32.85    2319   1 heard
      0     0.00      24.68      49.29     625   1 homed
      0     0.00       3.68       0.59    2000   1 icdd
      0     0.00      11.23       5.99     689   1 iCloudNotificat
      0     0.00       9.31      14.01     600   1 iconservicesage
      0     0.00      25.37      37.97     621   1 identityservice
      0     0.00       6.37       0.23    2147 …47 IDSBlastDoorSer
      0     0.00       2.18       0.25     860 860 ImageIOXPCServi
      0     0.00      14.70       5.53     692   1 imagent
      0     0.00       8.29       0.36   25727   1 IMAutomaticHist
      0     0.00      16.92     110.49     697   1 IMDPersistenceA
      0     0.00       6.02       5.52     640   1 imklaunchagent
      0     0.00       9.31   1,928.67     682   1 intelligencepla
      0     0.00      20.15       8.66     753   1 itunescloudd
      0     0.00      20.03      79.18    2325   1 java
      0     0.00      21.72      42.34   44161   1 java
      0     0.00      14.08     206.73    3012   1 kdd
      0     0.00       7.73       1.46    1931   1 keyboardservice
      0     0.00      11.33       1.50     666   1 Keychain Circle
      0     0.00      16.79     255.58     582   1 knowledge-agent
      0     0.00      16.50   2,797.16   27408   1 knowledgeconstr
      0     0.00       6.57       6.20     718   1 linkd
      0     0.00       3.33       0.13   50681   1 localizationswi
      0     0.00       6.17      30.70     612   1 lockoutagent
      0     0.00      34.41     317.25     192 192 loginwindow
      0     0.00      12.59       0.37   50145 …45 LookupViewServi
      0     0.00      16.11      74.73   66056 …56 LookupViewServi
      0     0.00      22.66       2.26   70288 …88 LookupViewServi
      0     0.00      11.28      60.08     588   1 lsd
      0     0.00      11.13       2.96     756   1 maild
      0     0.00      10.29      22.89    3304   1 mapspushd
      0     0.00      11.53      26.55    1708   1 mdbulkimport
      0     0.00       4.23       2.86    4204   1 mdworker
      0     0.00      17.81       0.35   70491   1 mdworker_shared
      0     0.00      17.73       0.44   70539   1 mdworker_shared
      0     0.00      12.42       0.09   70786   1 mdworker_shared
      0     0.00      15.40       0.00   71056   1 mdworker_shared
      0     0.00      13.90       0.09   71057   1 mdworker_shared
      0     0.00       3.70       0.30    1583   1 mdwrite
      0     0.00       7.75       0.35   51520 …20 media-indexer
      0     0.00      10.93      12.50   38184   1 mediaanalysisd
      0     0.00       2.28       0.80     700   1 mediaremoteagen
      0     0.00       2.30       0.10   53676   1 metrickitd
      0     0.00     146.38   1,607.55     704   1 Microsoft Edge
      0     0.00      50.54     524.32    1627   1 Microsoft Edge 
      0     0.00      42.81     419.08    1662   1 Microsoft Edge 
      0     0.00      16.16      17.00    1887   1 Microsoft Edge 
      0     0.00      41.88      20.73    6067   1 Microsoft Edge 
      0     0.00      16.60      15.23    6081   1 Microsoft Edge 
      0     0.00      30.25       2.61    6119   1 Microsoft Edge 
      0     0.00      99.25     249.20   10105   1 Microsoft Edge 
      0     0.00      78.04     308.60   17321   1 Microsoft Edge 
      0     0.00      47.50      52.20   19921   1 Microsoft Edge 
      0     0.00      70.72     271.34   20351   1 Microsoft Edge 
      0     0.00      19.20       0.72   39368   1 Microsoft Edge 
      0     0.00       6.13       0.99    3376   1 mlruntimed
      0     0.00       5.11       3.60     652   1 mobiletimerd
      0     0.00      16.27     402.11    2318   1 mongod
      0     0.00       1.99       0.02    3048 …48 mscamerad-xpc
      0     0.00       1.98       0.02   11369 …69 mscamerad-xpc
      0     0.00       2.13       0.14     897 896 msedge_crashpad
      0     0.00       6.80       4.53     717   1 MTLAssetUpgrade
      0     0.00       1.84       0.68    2479 …79 MTLCompilerServ
      0     0.00       1.85       0.59    4934 …34 MTLCompilerServ
      0     0.00       0.91       0.22    4935 …35 MTLCompilerServ
      0     0.00       1.84       1.16    6106 …06 MTLCompilerServ
      0     0.00       1.84       0.19   13991 …91 MTLCompilerServ
      0     0.00       1.84       0.14   14064 …64 MTLCompilerServ
      0     0.00      10.02       0.56   35911 …11 MTLCompilerServ
      0     0.00       1.84       0.80   59105 …05 MTLCompilerServ
      0     0.00       0.90       0.26   59106 …06 MTLCompilerServ
      0     0.00       1.85       0.70   67536 …36 MTLCompilerServ
      0     0.00       1.84       0.45   74638 …38 MTLCompilerServ
      0     0.00       1.84       0.07   94183 …83 MTLCompilerServ
      0     0.00       2.04     256.34    2818   1 mysqld
      0     0.00      31.25       5.53    1900   1 naturallanguage
      0     0.00       9.68       3.04   50682   1 nbagent
      0     0.00       4.81       0.89     670   1 neagent
      0     0.00       9.88      12.47     660   1 networkservicep
      0     0.00      61.49      49.57    4121   1 Notes
      0     0.00      22.57     112.21     620   1 NotificationCen
      0     0.00      20.03       2.64   10514   1 NowPlayingTouch
      0     0.00      18.32       1.64   11693 …93 nsattributedstr
      0     0.00      12.16      56.23     604   1 nsurlsessiond
      0     0.00       8.67       2.44    5088   1 OSDUIHelper
      0     0.00       9.57       9.11     643 643 PAH_Extension
      0     0.00      14.94      16.05     750   1 parsecd
      0     0.00      11.25       4.27     798   1 passd
      0     0.00       7.00       1.44     876   1 PasswordBreachA
      0     0.00       4.91       3.14     631   1 pboard
      0     0.00       3.73       0.87     752   1 pbs
      0     0.00      12.45      21.26    5223   1 peopled
      0     0.00      16.29      42.00     760   1 photolibraryd
      0     0.00       0.86       4.66    2336   1 php-fpm
      0     0.00       0.14       0.00    2910   1 php-fpm
      0     0.00       0.14       0.00    2911   1 php-fpm
      0     0.00       9.11     188.77     630   1 pkd
      0     0.00       0.98       0.01   14062 …62 PlugInLibrarySe
      0     0.00       1.01       0.02   18437 …37 PlugInLibrarySe
      0     0.00       0.98       0.01   22844 …44 PlugInLibrarySe
      0     0.00       1.03       0.01   48891 …91 PlugInLibrarySe
      0     0.00       1.03       0.01   50942 …42 PlugInLibrarySe
      0     0.00       0.98       0.02   70028 …28 PlugInLibrarySe
      0     0.00       6.20       0.09    5613   1 PodcastContentS
      0     0.00       0.52       0.51    2684 …84 postgres
      0     0.00       0.34       0.05    2758 …58 postgres
      0     0.00       0.34       0.57    2761 …61 postgres
      0     0.00       0.28       0.50    2764 …64 postgres
      0     0.00       0.95       1.24    2765 …65 postgres
      0     0.00       0.42       1.59    2767 …67 postgres
      0     0.00       0.66       0.09    2768 …68 postgres
      0     0.00       9.21       2.92    2486   1 PostgresMenuHel
      0     0.00      10.95       8.20   21630   1 PowerChime
      0     0.00      45.36     316.04     723   1 Preview
      0     0.00       6.69       0.94   13662   1 printtool
      0     0.00       4.88       0.03   13990   1 PrintUITool
      0     0.00       3.59       0.14   51073   1 proactived
      0     0.00       3.79       0.92    5267   1 proactiveeventt
      0     0.00       5.96       0.91     758   1 progressd
      0     0.00       7.37       2.75     834   1 promotedcontent
      0     0.00       6.35       1.04     665   1 ProtectedCloudK
      0     0.00       2.12       0.09    3148   1 ptpcamerad
      0     0.00      62.08      77.01   43846 …46 pwsh
      0     0.00      60.64      13.13   46813 …13 pwsh
      0     0.00      91.72     253.42   48223 …72 pwsh
      0     0.00      92.49      47.46   51331 …31 pwsh
      0     0.00      21.85      65.81    6206 …06 QuickLookSatell
      0     0.00      12.79       6.41   22881 …81 QuickLookSatell
      0     0.00      10.22       2.04     737 737 QuickLookUIServ
      0     0.00      10.20       2.11    2036 …36 QuickLookUIServ
      0     0.00      10.21       2.09    2470 …70 QuickLookUIServ
      0     0.00      10.17       1.51   14061 …61 QuickLookUIServ
      0     0.00      10.21       2.01   17459 …59 QuickLookUIServ
      0     0.00      10.25       0.74   18432 …32 QuickLookUIServ
      0     0.00      10.16       1.98   22823 …23 QuickLookUIServ
      0     0.00      13.39      41.78     607   1 rapportd
      0     0.00      12.27      23.82    2344   1 remindd
      0     0.00       4.06       0.29   50830   1 RemoteManagemen
      0     0.00      11.05      94.19     635   1 replayd
      0     0.00       8.64       0.66     720   1 ReportCrash
      0     0.00       6.21       0.16    4938   1 reversetemplate
      0     0.00      21.60     132.58     614   1 routined
      0     0.00      60.21     587.13     716   1 Safari
      0     0.00      15.34       3.57     853   1 SafariBookmarks
      0     0.00      11.47       0.14    1470   1 SafariLaunchAge
      0     0.00       3.14       1.64     764   1 ScopedBookmarkA
      0     0.00      10.45      22.69     617   1 ScreenTimeAgent
      0     0.00      11.11      22.18    3267   1 searchpartyuser
      0     0.00      11.86      56.74     591   1 secd
      0     0.00       7.96      43.83     619   1 secinitd
      0     0.00       5.40       0.23     671   1 seserviced
      0     0.00       7.85       3.45     634   1 sharedfilelistd
      0     0.00      23.50     268.74     624   1 sharingd
      0     0.00       3.54       0.02   45053   1 ShipIt
      0     0.00       6.92       2.56     761   1 SidecarRelay
      0     0.00      13.61      30.04    2327   1 Siri
      0     0.00      16.32      29.68     615   1 siriactionsd
      0     0.00      62.04  10,922.35     714   1 siriknowledged
      0     0.00      21.29      16.82    3120 …20 SiriNCService
      0     0.00       6.05       0.50   50801   1 sirittsd
      0     0.00       0.55       0.00   71144   1 sleep
      0     0.00      10.01       1.54     636   1 sociallayerd
      0     0.00       9.77       2.09    2621   1 SoftwareUpdateN
      0     0.00       1.96       0.08     735   1 spindump_agent
      0     0.00      57.24      54.49     747   1 Spotlight
      0     0.00       4.48       0.06   53654   1 spotlightknowle
      0     0.00       8.22       3.26     691   1 StatusKitAgent
      0     0.00       8.23       0.35    3488   1 storeaccountd
      0     0.00       7.25       1.34     772   1 storedownloadd
      0     0.00      11.07       0.74   56583   1 storekitagent
      0     0.00      11.02       1.61    5452   1 storeuid
      0     0.00      20.24     106.29     656   1 studentd
      0     0.00      41.91   8,225.53     637   1 suggestd
      0     0.00       5.90       9.44     703   1 swcd
      0     0.00       7.25       9.87     645   1 syncdefaultsd
      0     0.00      11.36       4.04     727   1 SystemUIServer
      0     0.00       8.04       1.92     601   1 talagent
      0     0.00      12.21     241.23     589   1 tccd
      0     0.00      84.89      23.06   56570   1 Telegram
      0     0.00       4.09       0.77   70921 …21 TelemetryDiskCh
      0     0.00     204.09     599.20   39000   1 Terminal
      0     0.00      12.52       5.55    2342   1 TextInputMenuAg
      0     0.00       9.47       1.86    2374   1 TextInputSwitch
      0     0.00      11.27       0.61    3515 …15 ThumbnailExtens
      0     0.00      10.49       8.54   50605   1 tipsd
      0     0.00       7.60       1.31     874   1 translationd
      0     0.00      10.20      10.16     646   1 transparencyd
      0     0.00       8.91      21.59     713   1 triald
      0     0.00      10.16     223.06     592   1 trustd
      0     0.00       6.64       1.42     603   1 TrustedPeersHel
      0     0.00      10.99       3.99    9395   1 UIKitSystem
      0     0.00      14.29     435.63     762   1 UniversalContro
      0     0.00       5.68       7.96     684   1 UsageTrackingAg
      0     0.00       2.52       0.33    9378   1 USBAgent
      0     0.00       8.48      16.60     699   1 useractivityd
      0     0.00      10.38      16.99     578   1 UserEventAgent
      0     0.00      10.46      10.76     602   1 usernoted
      0     0.00      11.81       3.21    8508   1 UserNotificatio
      0     0.00       7.00      17.06     661   1 ViewBridgeAuxil
      0     0.00       4.82      36.20     857 857 VTDecoderXPCSer
      0     0.00       4.52       6.05    1731 …31 VTDecoderXPCSer
      0     0.00       4.20       0.20    2855 …55 VTDecoderXPCSer
      0     0.00       5.89       2.01    6210 …10 VTDecoderXPCSer
      0     0.00       4.21       0.19   11373 …73 VTDecoderXPCSer
      0     0.00       4.85       0.96   42706 …06 VTDecoderXPCSer
      0     0.00       4.21       2.44   67689 …89 VTDecoderXPCSer
      0     0.00       4.30       0.24   93807 …07 VTDecoderXPCSer
      0     0.00       3.95       0.22    2862 …62 VTEncoderXPCSer
      0     0.00       3.95       0.22    3197 …97 VTEncoderXPCSer
      0     0.00       3.95       0.14    6080 …80 VTEncoderXPCSer
      0     0.00       5.64       0.22   43420 …20 VTEncoderXPCSer
      0     0.00       4.39      19.33   61246 …46 VTEncoderXPCSer
      0     0.00       4.00       0.15   93811 …11 VTEncoderXPCSer
      0     0.00       1.74       5.56    2333   1 watchman
      0     0.00       9.00      39.12    3051   1 WD Device Agent
      0     0.00      49.04     415.96    2332   1 WD Discovery
      0     0.00      10.80       7.85    2832   1 WD Discovery He
      0     0.00      17.36       9.34    2939   1 WD Discovery He
      0     0.00      14.79      37.10     745 745 WDDesktopFinder
      0     0.00      14.70      20.14   17513 …13 WDDesktopFinder
      0     0.00      14.93       4.19   18436 …36 WDDesktopFinder
      0     0.00      14.72      20.38   22825 …25 WDDesktopFinder
      0     0.00       0.80       0.02    2908   1 WDDiscoveryMoni
      0     0.00       6.71      10.75    2420   1 WDDriveUtilityH
      0     0.00      10.74      29.60    3014   1 wdsync
      0     0.00       7.35      55.36    3226   1 wdsync
      0     0.00       7.54      58.47    3227   1 wdsync
      0     0.00       4.59       5.82    3225   1 wdsync-inotify
      0     0.00       1.30       0.05    2912   1 WDTrashObserver
      0     0.00       7.65       2.93    3450   1 weatherd
      0     0.00      44.78     125.44   93800   1 WhatsApp
      0     0.00      16.38      17.74   93805   1 WhatsApp Helper
      0     0.00      12.44       2.73   93806   1 WhatsApp Helper
      0     0.00      55.86     166.07   93810   1 WhatsApp Helper
      0     0.00      10.04       2.84   93819   1 WhatsApp Helper
      0     0.00      34.70       6.06   93836   1 WhatsApp Helper
      0     0.00      15.11     102.56     654   1 WiFiAgent
      0     0.00       2.13       0.66     675   1 WiFiVelocityAge
      0     0.00      16.02     144.28     586   1 WindowManager
      0     0.00      12.86     165.31    9390 …90 WorldClockWidge
      0     0.00       1.22       0.14    9250   1 XProtect
      0     0.00       3.30      15.46    3248   1 XProtectPluginS
      0     0.00       4.39       2.77    8692 …92 XprotectService
      0     0.00     182.38  11,749.49   59062   1 zoom.us
      0     0.00       0.91       0.37   43340 …40 zsh
      0     0.00       1.11       0.44   45734 …32 zsh
      0     0.00       0.96       0.25   47873 …72 zsh
      0     0.00       0.94       0.27   49697 …97 zsh
      0     0.00       0.94       0.32   66016 …16 zsh
      0     0.00       0.95       0.29   69296 …96 zsh

